0,1,2,3,4,5
filename,happy_percentage,sadness_percentage,neutral_percentage,anger_percentage,fear_percentage
b'03a01Fa.wav',0.7841902107640312,0.011308884724877368,0.009294847191208927,0.19102397688084372,0.0041820804390388655
b'03a01Nc.wav',6.021007373530088e-06,0.00014888392519173338,0.9891454170982996,0.008251155440155913,0.002448522528979004
b'03a01Wa.wav',0.00015620850434828226,2.3732407887726234e-06,2.204327883818598e-06,0.9998392137834936,1.434854604010167e-10
b'03a02Fc.wav',0.8817468459942516,0.0027397456831553184,0.0014335962001481343,0.11074756693837395,0.003332245184070966
b'03a02Nc.wav',4.332038131423955e-07,0.06284041463970126,0.9341757089636218,0.0005392702667726873,0.0024441729260908786
b'03a02Ta.wav',1.2438803785948905e-09,0.9903124550818034,0.00950904044342105,5.970605437479006e-07,0.00017790617035140413
b'03a02Wb.wav',0.03257866354484717,8.811277402955234e-05,5.871248854087833e-06,0.9673273418068159,1.0625453369514126e-08
b'03a02Wc.wav',0.004816246187789852,8.275263004098271e-07,1.6725037629564626e-09,0.9951829246014381,1.196791384556759e-11
b'03a04Ad.wav',0.022898611825738085,0.0020055100969641024,0.022354880554249307,0.11139086329085972,0.8413501342321887
b'03a04Fd.wav',0.8116335075623153,0.12994989400983387,0.0006283288734069514,0.05225131512682955,0.005536954427614308
b'03a04Lc.wav',6.929228669817355e-14,0.2441093836213471,0.7558904042537656,6.195790170649458e-08,1.5016691625955806e-07
b'03a04Nc.wav',0.006493440041052147,0.000654311889918603,0.9836229335257511,0.008567621544947245,0.0006616929983307469
b'03a04Ta.wav',7.022700420664599e-12,0.9229988805154227,0.07634076728936745,5.777465791955288e-09,0.000660346410721438
b'03a04Wc.wav',0.005945702714154019,9.536264374055616e-06,2.642918017463585e-07,0.9940444916164296,5.113240519180953e-09
b'03a05Aa.wav',0.23531781978039584,0.001909990783268267,0.012679564350033777,0.007112987391261132,0.742979637695041
b'03a05Fc.wav',0.7607349250300606,0.006652290973959526,0.0021342068581673293,0.13992013221678148,0.09055844492103121
b'03a05Nd.wav',0.0022053831271942916,0.01054048502813529,0.9179202596649011,0.014793482496379032,0.05454038968339037
b'03a05Tc.wav',7.761210372532902e-10,0.9406033272212654,0.058210825024400524,1.7570752261949782e-08,0.0011858294074609164
b'03a05Wa.wav',0.03665442216376545,0.0009288476570404914,0.0004595919973834852,0.9616901898218796,0.0002669483599310657
b'03a05Wb.wav',0.07018143393360993,1.200053381849865e-06,2.901371025996317e-09,0.9298173630909536,2.0683383897496472e-11
b'03a07Fa.wav',0.7048375386068505,0.008947813611558464,0.014410590220282718,0.04806928565695174,0.22373477190435662
b'03a07Fb.wav',0.660063754547166,0.011224695262093484,0.013874446638926733,0.08216000095359688,0.23267710259821686
b'03a07La.wav',1.8866233858604398e-11,0.9979206524439115,0.0020789501477874437,5.4010297331168075e-08,3.433791374315879e-07
b'03a07Nc.wav',1.6064390166142605e-06,0.0006827081196544161,0.948202756820876,0.050961489783920726,0.00015143883653207654
b'03a07Wc.wav',0.20818115835747733,0.0006043927809085677,0.0013844934181794968,0.7883646589065145,0.0014652965369200469
b'03b01Fa.wav',0.351910548589082,0.006806643819429157,0.0512855325388862,0.02890636499081636,0.5610909100617864
b'03b01Lb.wav',3.59799642260952e-06,0.00014436449782559486,0.9675754270790842,0.03207726266101514,0.00019934776565272815
b'03b01Nb.wav',0.0001653237515817835,0.012007623430236702,0.9544925922496268,0.0008691281322793128,0.03246533243627555
b'03b01Td.wav',7.543725663723017e-06,0.97787240464431,0.0030794947724707027,3.1327394515667795e-08,0.01904052553016108
b'03b01Wa.wav',0.3202142133053671,0.0007116381869655787,0.003148490821682052,0.6716536744385904,0.00427198324739489
b'03b01Wc.wav',0.08248967345628146,0.0008041190384893272,0.0012039067034756458,0.9152119977229473,0.0002903030788061887
b'03b02Aa.wav',0.09935204709213984,0.0011586825958504671,0.010409327073112793,0.002114018110932021,0.8869659251279649
b'03b02La.wav',4.1266516465432806e-11,0.09036660650288837,0.9096284468764587,1.7116228440014958e-06,3.2349565424221846e-06
b'03b02Na.wav',2.794958644626209e-10,0.011389130646505706,0.9884083874178258,7.325738807758201e-06,0.00019515591736485243
b'03b02Tb.wav',7.871350943385045e-09,0.9259391747802683,0.07346018476863128,2.1540179615757633e-07,0.0006004171779533957
b'03b02Wb.wav',0.060901136961835856,0.0008278727708572616,0.1886258296749997,0.7462950777023479,0.00335008288995935
b'03b03Nb.wav',7.93826160232827e-06,0.030721453313028002,0.9620127449270247,0.00018025416096378264,0.0070776093373810306
b'03b03Tc.wav',2.6595949634518514e-08,0.9883231047121142,0.011088858015760702,2.1108664343189096e-08,0.0005879895675110896
b'03b03Wc.wav',0.42150497147334237,5.904819517815894e-05,4.980817662462907e-06,0.5784303448717703,6.54642046829225e-07
b'03b09La.wav',1.21877098490165e-11,0.023452177182782474,0.9765394566258189,1.1620177397649103e-06,7.204161471194246e-06
b'03b09Nc.wav',1.0522158797411644e-09,0.0004714463803330189,0.9989808248267262,0.0005456737761388051,2.0539645860309517e-06
b'03b09Tc.wav',2.4829141037500972e-05,0.9650331765287321,0.0330130289994973,0.0016374719348446196,0.000291493395888518
b'03b09Wa.wav',0.7472601877183427,0.00024612587886600453,0.0004054488544717413,0.2520085719172765,7.966563104319145e-05
b'03b10Ab.wav',0.444607080897015,0.006254970033979629,0.0061233714318557194,0.0810753262576257,0.4619392513795241
b'03b10Ec.wav',0.0007321273056879009,0.07328790187891727,0.863124628912814,0.0031832645135382994,0.05967207738904243
b'03b10Na.wav',9.779998401973981e-07,0.0010634705703982763,0.9958074805753309,0.0028742195141216965,0.0002538513403087759
b'03b10Nc.wav',4.319321300760738e-05,0.06750832403316888,0.9293232446502706,0.0011555539000985327,0.0019696842034542393
b'03b10Wb.wav',0.31720753018336423,0.0007216250655267038,0.00020890044995621585,0.6809083430254,0.0009536012757529382
b'03b10Wc.wav',0.10201805453085787,4.417121120915028e-05,1.1419201854684049e-05,0.8979244515162931,1.9035397852665243e-06
b'08a01Ab.wav',0.08544965222176108,0.0009884812489516887,0.00958206819252754,0.0018263942785412665,0.9021534040582185
b'08a01Fd.wav',0.8371252025184924,0.0022397253335270217,0.025734029611668964,0.04211482637514084,0.09278621616117064
b'08a01Lc.wav',0.02054932902787767,0.1818647153803538,0.6565811188494478,0.002405643993944527,0.1385991927483763
b'08a01Na.wav',0.12294120612358583,0.07226707068748058,0.6931484716534224,0.030757943876797356,0.08088530765871377
b'08a01Wa.wav',0.6104811883791486,0.00013115169463007864,6.667729356165933e-05,0.38931802416016187,2.9584724978017e-06
b'08a01Wc.wav',0.19392486774571177,0.003597053297794761,0.008038050830556805,0.7380170362667441,0.056422991859192584
b'08a02Ab.wav',0.09799816411241187,0.0010818241508148028,0.011143802225458889,0.0019102705151159193,0.8878659389961984
b'08a02Ac.wav',0.26281629797155615,0.0029466322837812336,0.007875175984119078,0.0025241644547432736,0.7238377293058003
b'08a02Fe.wav',0.866378154036233,0.008173201515791874,0.003058622547445363,0.07831192317079008,0.04407809872973986
b'08a02La.wav',0.19660295282562162,0.10809486019937184,0.21054626495393722,0.01185965513045289,0.47289626689061637
b'08a02Na.wav',0.23582228793909002,0.04212999900135546,0.20024062906748696,0.012037052512448047,0.5097700314796195
b'08a02Tb.wav',0.01078737677902271,0.9656400380210532,0.0008596106371020882,0.022712554075864054,4.204869579259104e-07
b'08a02Wc.wav',0.4718697871667633,7.712534698192527e-05,2.228221276785066e-05,0.5280304331502048,3.7212328207131427e-07
b'08a04Ff.wav',0.8576566524349362,0.004462291074394708,0.0004138801511687855,0.130509737843595,0.006957438495905332
b'08a04La.wav',0.12856290475285023,0.053148652465411374,0.7025275529621248,0.05426382658697435,0.06149706323263919
b'08a04Nc.wav',0.006732745824213094,0.03376142372482834,0.9106326007134666,0.04531487152400786,0.003558358213484068
b'08a04Tb.wav',0.014884618145888559,0.9824221396485007,0.0019085275790942699,0.000777684321576433,7.030304939977895e-06
b'08a04Wc.wav',0.04000904188619312,1.2064912894100234e-05,3.4549310720694694e-08,0.9599788491431981,9.508403836314037e-09
b'08a05Fe.wav',0.7438632602174935,0.0017206512289750797,0.023090953136907073,0.05148524086256092,0.17983989455406338
b'08a05Lc.wav',0.7648391124405926,0.011507466089259519,0.03514107212669891,0.043563811532518294,0.14494853781093078
b'08a05Nb.wav',0.13062370958034342,0.162130429642837,0.31530850374819697,0.1502672615391972,0.24167009548942542
b'08a05Ta.wav',4.886803327725517e-06,0.9981810312608008,0.0017565621351461162,5.7068214586980966e-05,4.5158613844077874e-07
b'08a05Wa.wav',0.27519214954867116,0.00028930678677464925,2.908381662093663e-05,0.7244114419964949,7.801785143844825e-05
b'08a07Fd.wav',0.8841084301576145,0.006323287414996562,0.0004328923305512937,0.061638911797632465,0.04749647829920515
b'08a07La.wav',0.8618180374473898,0.09892053890760531,0.002213694188491014,0.03694731016464127,0.00010041929187282268
b'08a07Na.wav',0.5616000429012018,0.014595731438514763,0.2090913070266783,0.16965752910100532,0.045055389532599785
b'08a07Ta.wav',0.004310684818546572,0.11316772407810005,0.043619841815575267,0.8388569206972865,4.4828590491690306e-05
b'08a07Tb.wav',0.15364163728921726,0.7608000955269406,0.0013887412591620408,0.08416881155302855,7.143716514954503e-07
b'08a07Wc.wav',0.5248307616733506,0.0001396652229209906,1.3872456254318408e-05,0.4750086130457497,7.087601724260209e-06
b'08b01Aa.wav',0.12525510901610565,0.0014126169216712784,0.01137760855640583,0.0013451424857939234,0.8606095230200234
b'08b01Fd.wav',0.558550939173902,0.0035006782575551843,0.007521494437250082,0.027746761299215116,0.40268012683207766
b'08b01Fe.wav',0.6399752361834624,0.005681826902526747,0.004028014573127416,0.017218292054406944,0.3330966302864765
b'08b01Lb.wav',0.1486225675826663,0.17430938518217265,0.17151323667301163,0.0021046683542236366,0.5034501422079258
b'08b01Na.wav',0.00043553096905166487,0.10428811101508845,0.8416813084841727,0.00027142518365308856,0.05332362434803402
b'08b01Wa.wav',0.6633913480901065,0.001301613747739992,3.310093799423049e-05,0.3347599231005591,0.0005140141236001605
b'08b02Ff.wav',0.8916279727208232,0.00589804902844864,0.000277608666462976,0.07268199992517446,0.029514369659090805
b'08b02La.wav',0.2507821217659889,0.4502335349316102,0.19832454486518933,0.08004801827723218,0.020611780159979404
b'08b02Nb.wav',0.22926034217952126,0.003350455840204955,0.049165936351254234,0.005493733417168701,0.7127295322118508
b'08b02Tc.wav',0.001838235185721081,0.6916167730348937,0.20624442097952267,0.10025660955961287,4.3961240249843106e-05
b'08b02Wd.wav',0.3905674831960521,7.018672922536773e-05,2.7057097842003658e-06,0.6093587621233755,8.622415628158351e-07
b'08b03Fe.wav',0.7274954418337957,0.00032585806862670024,0.00012689955552458256,0.27196253762178335,8.926292026969191e-05
b'08b03Lc.wav',0.6095945141825552,0.32525719113473733,0.03787108052365632,0.016432382811251103,0.010844831347800005
b'08b03Nb.wav',0.015496910670001812,0.05358471048504514,0.43443836611808745,0.00040457059528842905,0.4960754421315772
b'08b03Tc.wav',4.40884899257701e-06,0.9898547983265307,0.010096813267105306,4.136441997395315e-05,2.61513739776552e-06
b'08b03Wd.wav',0.5398837596078147,0.00012931246493775084,1.8504001692433256e-05,0.4599620890252642,6.3349002909170615e-06
b'08b09Ab.wav',0.08828599570587124,0.0010087421804154573,0.009998148800039557,0.0018444220043519826,0.8988626913093217
b'08b09Fd.wav',0.8666177671103743,0.004301833598943584,0.003082573268032406,0.04284688596827365,0.08315094005437593
b'08b09Lc.wav',0.4916304829281418,0.4702607642828009,0.02044900695940403,0.008397413542147649,0.009262332287505464
b'08b09Nb.wav',0.15716844789659495,0.04399520965087336,0.5276615727274442,0.24837325543969474,0.022801514285392812
b'08b09Tb.wav',8.026812824251146e-07,0.5686252681057917,0.4293040543655485,0.002061871480247503,8.003367129824128e-06
b'08b09Wa.wav',0.8675346421082395,0.003130986397965438,0.0012059150831661208,0.09386640302507235,0.03426205338555644
b'08b09Wc.wav',0.6865733811780895,0.0005374034569297749,0.0005135042633158536,0.3121567717492506,0.00021893935241430848
b'08b10Aa.wav',0.13548618494422066,0.0017149438260365432,0.011034262411513195,0.0012658628169106363,0.8504987460013189
b'08b10Fd.wav',0.8786827525663191,0.00594529094293916,0.00041779289866628895,0.06992367120487963,0.0450304923871957
b'08b10La.wav',0.11962542426225889,0.7412662275976993,0.12221537682945356,0.007799604450135497,0.009093366860452696
b'08b10Nc.wav',0.044760643189678546,0.07072568410753889,0.8377650519966752,0.04000831442321279,0.0067403062828944585
b'08b10Tc.wav',0.0009911185532885682,0.9937114374960025,0.004960376745027082,0.0003146162902664325,2.245091541547433e-05
b'08b10Wa.wav',0.36676497119026286,0.00011002756140957896,3.691274129940291e-05,0.633087255620971,8.328860571772272e-07
b'09a01Ea.wav',0.530230789458016,0.004437773494488125,0.13468798328426315,0.021112307868523385,0.30953114589470926
b'09a01Fa.wav',0.7339105945996933,0.0001866730160473606,3.265384250277928e-06,0.26589916468941344,3.0231059575794043e-07
b'09a01Nb.wav',0.0003004439932680531,0.0010729666045153326,0.8646882095796379,0.030306565175258145,0.10363181464732063
b'09a01Wb.wav',0.008385214509847755,1.1708917065797533e-06,2.476591616917483e-09,0.9916136121116796,1.0174374853054897e-11
b'09a02Ea.wav',0.9204228341375132,0.005492499100744226,0.004615182539728557,0.020161068805868095,0.04930841541614581
b'09a02Eb.wav',0.7207059325266288,0.0032852739228083185,0.000520283967473587,0.26184782368857185,0.013640685894517373
b'09a02La.wav',6.432358718949515e-05,0.01985312396721159,0.9419986409343438,0.033707385365941964,0.004376526145313184
b'09a02Wb.wav',0.35279299616278104,7.03310863792397e-05,1.152194022929237e-05,0.6471247490184481,4.017921623800389e-07
b'09a04Fd.wav',0.36375857552929464,2.6683175020244444e-05,3.707408147582924e-06,0.6362109320656186,1.0182191889340437e-07
b'09a04La.wav',9.898974769524327e-05,0.42623033761839696,0.5651324268555832,3.477423500842974e-05,0.008503471543316177
b'09a04Nb.wav',5.222504453850074e-05,0.001001500640558001,0.9899761711600418,0.004734395986154753,0.004235707168707062
b'09a04Wa.wav',0.5659872238855429,0.0020870592894143922,0.0014529400459466447,0.42485714429072763,0.005615632488368378
b'09a05Ed.wav',0.25037624963955424,0.0028140522280426152,0.022241861579792684,0.0015166916914034865,0.7230511448612071
b'09a05Lc.wav',8.242901118136193e-07,0.2223807347660267,0.7774151062684213,1.9247902880393406e-05,0.0001840867725596362
b'09a05Nb.wav',8.133495745449538e-05,0.353893574576493,0.6452762338209996,0.00016585354174722495,0.0005830031033056222
b'09a05Tb.wav',0.006087062402573543,0.6698427162792928,0.19124219400989267,6.636657641623589e-05,0.13276166073182466
b'09a05Wb.wav',0.6356454669489715,0.0007654353447759857,0.00013345424472861517,0.36280815533634864,0.0006474881251752377
b'09a05Wc.wav',0.5050857953086202,0.00013184922876683958,3.411327275532529e-05,0.49473761806391714,1.0624125940491267e-05
b'09a07Eb.wav',0.14989684692101293,0.0016456491526847849,0.01626449455711333,0.0018469892013959484,0.830346020167793
b'09a07Na.wav',0.002056067992303273,0.022829879017420267,0.35912926776771475,0.612764521622239,0.0032202636003225084
b'09a07Ta.wav',0.02847910194457398,0.8696754037777742,0.05200827916295641,0.04890403466868691,0.0009331804460085346
b'09a07Wb.wav',0.4235266090367692,0.005454352429755752,0.00636830926596745,0.05003152421755609,0.5146192050499515
b'09a07Wd.wav',0.40338479750373757,0.004072829823199821,0.02597134130419791,0.5630553921374677,0.0035156392313971134
b'09b01Ea.wav',0.8941057316914279,0.0026241348552774927,0.0008333028313889612,0.09215711877084991,0.010279711851055749
b'09b01Na.wav',0.0007588301190980439,0.005371491540011657,0.7167050391580639,0.08056005537218994,0.19660458381063622
b'09b01Wb.wav',0.09819070566607105,0.0003689514486384867,1.627607522060467e-05,0.9013173597245444,0.00010670708552536983
b'09b02Na.wav',0.0031000057041385286,0.02295220307031892,0.4998970941917785,0.4731631813622886,0.0008875156714755608
b'09b02Tb.wav',0.00022121301075817,0.9947385588759036,0.0047904567472893565,0.00019225832275379358,5.7513043294933126e-05
b'09b02Wc.wav',0.05681299899184708,0.004950708101222831,0.05183861667685175,0.8837955465417742,0.002602129688304254
b'09b02Wd.wav',0.1960547946227071,0.00010880455496078734,3.537337189294126e-05,0.8038009838587813,4.359165791402264e-08
b'09b03Ed.wav',0.25095584239479607,0.0045458255981000225,0.02094764678054074,0.023997243932369784,0.6995534412941935
b'09b03Fa.wav',0.7372239190798161,0.0004713586703335477,0.0009530873116389105,0.26008790557418704,0.0012637293640245118
b'09b03Fd.wav',0.800708665679323,0.0006060230327726286,0.00037810547942252094,0.1978477085302132,0.0004594972782685666
b'09b03Lb.wav',0.00021898067514430986,0.15113416853971626,0.8471014215325723,0.0009165855085705953,0.0006288437439965918
b'09b03Nb.wav',0.0016593307906933423,0.16768283652446114,0.8109728179578435,0.016315966303280156,0.003369048423721976
b'09b03Ta.wav',2.3624145183717366e-05,0.9981279851673164,0.00183898045631582,8.17021572643449e-06,1.2400154577629186e-06
b'09b03Wb.wav',0.14790050420266254,6.7310520011168055e-06,1.1981431812081012e-07,0.8520926435229086,1.4081096244252922e-09
b'09b09Ea.wav',0.1432013259260978,0.0015792284179239726,0.01677135746683241,0.00230538370095304,0.8361427044881927
b'09b09Nd.wav',5.994293433224912e-05,0.28731807984531743,0.6685898894626661,0.04397747420310898,5.461355457539269e-05
b'09b09Wa.wav',0.062108899210494985,0.000497671016916487,0.000853122410310273,0.9343686000626867,0.002171707299591613
b'09b10Aa.wav',0.08006361311453081,0.000980365387595779,0.008342743821498098,0.0016015621326200193,0.9090117155437554
b'09b10Nd.wav',3.466454845857864e-05,0.7257056446570247,0.27033799693046945,4.834314423379642e-05,0.0038733507198135337
b'09b10Wa.wav',0.420744791813471,0.0001708071479731688,1.0856415357985862e-05,0.5790614976941516,1.2046929046289996e-05
b'10a01Ac.wav',0.001573572406039942,0.037590470246901556,0.047546312056870224,8.848282659450596e-05,0.9132011624635937
b'10a01Nb.wav',7.894557807808589e-09,0.052473498002901006,0.8153073776551962,2.3461742967036256e-06,0.13221677027304812
b'10a01Wa.wav',0.0037238456563522195,2.496017554272959e-06,1.5696534770675931e-06,0.9962720886722238,3.925650789913521e-13
b'10a02Ab.wav',0.13418480204659647,0.0013688919833265512,0.010887263412500629,0.0033360406277927745,0.8502230019297835
b'10a02Fa.wav',0.8298616355132854,0.0011480771789332022,0.0001270842427456059,0.16816426791686032,0.0006989351481753105
b'10a02Lb.wav',2.225553488308493e-05,0.21698860220215485,0.5555717823239078,0.22523796051965528,0.002179399419398943
b'10a02Na.wav',0.019259616246407464,0.04993006312355316,0.6118436225376792,0.08104887087107665,0.23791782722128357
b'10a02Wa.wav',0.08905969059030412,0.00018353222571606734,0.00033034019317957795,0.9104262256634217,2.1132737856703437e-07
b'10a04Fd.wav',0.8609374666440847,0.0008047009804423539,0.0006229045933047338,0.1368932807494179,0.0007416470327502813
b'10a04Nb.wav',3.1173590299280664e-09,0.08643489176695271,0.7266513072898545,1.016062882328383e-06,0.18691278176295142
b'10a04Wa.wav',0.3883569862029202,0.0006838238567112139,2.3706621981914896e-05,0.6109305298319109,4.953486475939937e-06
b'10a04Wb.wav',2.191690355769052e-05,1.0555376739397713e-06,4.827296907326321e-07,0.999976544433783,3.952944221322727e-10
b'10a05Aa.wav',0.5044169029368597,0.0025570245659192444,0.01523015594206031,0.022404058484814766,0.4553918580703461
b'10a05Ld.wav',4.523621243324271e-09,0.6689701050980327,0.3308495320029141,2.9317029634749696e-06,0.00017742667246845514
b'10a05Tb.wav',1.0485482999125163e-15,0.9999994571479365,3.7587200238543265e-07,1.1081519881260387e-17,1.6698005986808437e-07
b'10a05Wb.wav',0.5754502106513407,0.00022009137811953823,5.229776649356081e-06,0.42432243377148104,2.0344224092663637e-06
b'10a07Aa.wav',0.13995505761442426,0.002518444812065263,0.05068458899313999,0.012168451361077037,0.7946734572192934
b'10a07Ad.wav',0.12933421694392253,0.0025568305855262624,0.024849696154003117,0.0024532600409359665,0.8408059962756121
b'10a07La.wav',2.842724926255882e-09,0.9809692016772061,0.01810217271835615,2.5089160411895608e-06,0.0009261138456715512
b'10a07Ta.wav',1.3615893158353388e-11,0.9962703903548439,0.0025900998138550057,1.2468162960087315e-11,0.0011395098052170254
b'10a07Wb.wav',0.10150174081535174,0.0014490623121874882,7.526065838122804e-07,0.8970484258096455,1.8456231446096202e-08
b'10b01Aa.wav',0.15052215037055958,0.001521712664819659,0.014282253566618563,0.003015951941116243,0.8306579314568859
b'10b01Ea.wav',0.0334992893582082,0.0006303681948447155,0.020567749339424016,0.004741161898177856,0.9405614312093452
b'10b01Fa.wav',0.6417390469387748,0.002061500981336718,0.025045166291799342,0.1443502129155447,0.18680407287254436
b'10b01Lb.wav',8.264214886549803e-07,0.15794285245772885,0.7472125018661956,0.00037870314878010736,0.09446511610580662
b'10b02Aa.wav',0.04300406324578114,0.0035378575521664434,0.10806230686665834,0.018517500733311883,0.8268782716020823
b'10b02La.wav',1.5664667070868575e-09,0.9118255224250287,0.08784535945062473,0.00023890131423420717,9.021524364578584e-05
b'10b02Na.wav',4.772494346320412e-07,0.014047715157645328,0.9167173449640743,0.0004246274564993584,0.06880983517234636
b'10b02Wb.wav',0.45985469463936857,7.834399793969283e-05,4.747448894622794e-06,0.5400619464885348,2.6742526233031916e-07
b'10b03La.wav',8.511954132544163e-09,0.06697748836811361,0.9302351556050333,9.742255830518288e-06,0.002777605259068332
b'10b03Tb.wav',6.2501201062057e-11,0.9922570294561652,0.005877543668501004,1.1399488406737886e-10,0.0018654266988377378
b'10b03Wb.wav',0.023483313053365026,8.057100722263937e-06,9.225831558366134e-08,0.9765085375383437,4.925355734521855e-11
b'10b09Ad.wav',0.0003280242620117431,0.056146878734539975,0.4501494952595752,0.00024502932640772996,0.4931305724174655
b'10b09Lb.wav',7.591984230068546e-10,0.9689509187290938,0.030982953627412626,7.459757327296143e-06,5.8667126967848215e-05
b'10b09Wb.wav',0.019717066781429995,5.259171106107269e-06,4.7981833640211704e-08,0.9802776260469938,1.8636427944290487e-11
b'10b10Fc.wav',0.7115240596662905,0.0033240283625192426,0.007321854665816665,0.11609918411084316,0.1617308731945303
b'10b10Lc.wav',1.367141394447791e-10,0.31861759997940803,0.6803171255343577,1.7289882744009132e-05,0.001047984466776055
b'10b10Wa.wav',0.5981090741999626,0.0007508805122460697,0.0014042853753200798,0.3995602319434475,0.0001755279690237335
b'11a01Aa.wav',0.0008785486741128399,0.0002932634406312359,0.17661272756317142,0.017867889554077386,0.8043475707680071
b'11a01Ab.wav',0.00036860285638116264,0.2362337065302805,0.07637897601057221,2.1511133425339907e-05,0.6869972034693408
b'11a01Ld.wav',5.6755652185684494e-05,0.5698746927248132,0.16264950682501064,0.00018539483183167542,0.26723364996615884
b'11a01Nd.wav',2.6328446064787305e-07,0.0992498962652523,0.8919874634418008,9.718965265782893e-06,0.008752658043220632
b'11a01Wc.wav',0.3185187149202872,0.0007225589322905182,7.140062432218293e-05,0.6801630714307995,0.0005242540923005466
b'11a02Ec.wav',0.5144832059997766,0.1099089578585092,0.13092497196123248,0.19803090712165033,0.04665195705883145
b'11a02Fb.wav',0.8518412844034853,0.005303440484231992,0.0016075417686259943,0.04440411254845867,0.09684362079519811
b'11a02Ld.wav',2.673315321846994e-06,0.8261682567472944,0.13294055400086954,0.04070647358056786,0.00018204235594630733
b'11a02Nc.wav',4.312558429229714e-09,0.16043951412131427,0.8395460229867844,8.927078626982623e-06,5.531500715814397e-06
b'11a02Tc.wav',2.3152917488024936e-14,0.9999881083278859,1.1755170094813148e-05,5.542444622480254e-14,1.3650194064529615e-07
b'11a02Wc.wav',0.038013491947950055,0.0014237191188198142,0.0009254657698902917,0.9596187457147392,1.8577448600613584e-05
b'11a04Ac.wav',0.023702974058966687,0.001312948018178211,0.03290706301843836,0.00348451550466623,0.9385924993997504
b'11a04Fd.wav',0.6738381382968792,0.017978768767836564,0.005237991173500448,0.09649971920738205,0.20644538255440154
b'11a04Nd.wav',2.0806570253735364e-10,0.0306834204243208,0.9692678666271748,5.600286072181105e-06,4.31124543663441e-05
b'11a04Wc.wav',0.03903785309529521,0.00018254298231777451,0.00033830475648516297,0.9601608022642868,0.0002804969016151499
b'11a05Ad.wav',0.004985027632218477,0.0003149332413779244,0.03393317285780109,0.005858746518008911,0.9549081197505936
b'11a05Fb.wav',0.5818557650029005,0.0044591174612990895,0.005347835497997431,0.024143854886791424,0.38419342715101157
b'11a05Fc.wav',0.8384097043719552,0.0022234897480095327,0.001406405804265412,0.13605986869847733,0.02190053137729254
b'11a05Lc.wav',3.018234160642223e-08,0.9960997166587664,0.001709782795998711,6.369318527479932e-08,0.0021904066697080995
b'11a05Na.wav',4.4612142239205155e-09,0.5358134521370685,0.4638623745063188,9.860128808848928e-06,0.00031430876658950516
b'11a05Td.wav',4.48174409959774e-11,0.9649108666357212,0.0348341318807084,1.2414525002820595e-08,0.0002549890242279011
b'11a05Wd.wav',0.330205665768561,0.008900294431543962,0.00768349767606988,0.6439022263917915,0.009308315732033706
b'11a07Ac.wav',0.4051189643009838,0.003927222744132449,0.00932941471089891,0.032956503381240815,0.548667894862744
b'11a07Ld.wav',0.0014030235869896797,0.8728229549722393,0.09518105409382564,0.0034042998778554003,0.027188667469089843
b'11a07Ta.wav',1.1881272896931314e-10,0.9999257864118437,7.17921527069006e-05,1.0542127338731775e-09,2.4202624239797114e-06
b'11a07Wc.wav',0.020625277377077613,6.465704900114357e-05,2.928011406471987e-05,0.9792664585139369,1.4326945919466522e-05
b'11b01Ab.wav',0.08751880287850548,0.0010221548649838484,0.00944876579646931,0.0019865613732577,0.9000237150867836
b'11b01Eb.wav',0.009432767924522233,0.001273157146031842,0.12097401892912284,0.0183145692952931,0.85000548670503
b'11b01Fc.wav',0.18052779994409993,0.0024627191101001373,0.00845229681192244,0.0006790335505666239,0.8078781505833109
b'11b01Lb.wav',4.932006128459063e-06,0.0005922662942964974,0.863919723000817,0.045383468212948544,0.09009961048580956
b'11b01Nc.wav',1.0320035666314117e-06,0.0019727804303077395,0.9867884446343141,0.011043340968850297,0.0001944019629611456
b'11b01Wd.wav',0.22137689840200422,0.0006283140677026312,3.010786148630576e-05,0.7777039031007321,0.00026077656807472663
b'11b02Ab.wav',0.023845373394126516,0.0036755453037716633,0.019951216827619155,0.0007840486686990713,0.9517438158057835
b'11b02Fd.wav',0.8553146759761123,0.001869131157245866,0.023301410511211974,0.04323819086859441,0.0762765914868353
b'11b02Na.wav',1.0517228446963067e-06,0.027520485680258295,0.971703992482006,2.0007584230605927e-05,0.0007544625306604855
b'11b02Td.wav',2.6840530547431926e-11,0.9893904531167439,0.010587252002647488,2.0949917180896114e-08,2.227390385086994e-05
b'11b02Wb.wav',0.1758397126638403,9.243749885479285e-05,5.508845454204178e-06,0.8240622955244256,4.546742521680828e-08
b'11b03Fc.wav',0.731687772796099,0.006706232037501213,0.0036711644840050858,0.010057319428332592,0.24787751125406202
b'11b03Lc.wav',2.7571517839055252e-08,0.5229705611256009,0.4765848918740042,6.325867882198918e-06,0.0004381935609948327
b'11b03Nb.wav',1.4843138079379578e-05,0.019647641837950775,0.9801193904069315,2.989371148953485e-05,0.00018823090554892798
b'11b03Td.wav',6.226193527185051e-10,0.8886549438006085,0.11108971370536021,5.748369023460266e-08,0.0002552843877216097
b'11b03Wa.wav',0.9005246226819985,0.003671853609566265,1.1194356452208079e-05,0.09509676942681788,0.0006955599251652686
b'11b03Wb.wav',0.2821289864936706,4.168859420798252e-05,1.692237217581068e-07,0.7178291145332241,4.115517564260334e-08
b'11b09Ad.wav',0.050305671810691344,0.0015576999220745789,0.043524612151487126,0.006169092903054161,0.8984429232126928
b'11b09Fd.wav',0.2722514449153615,0.002277318803387994,0.029922042536385713,0.0038388094144463465,0.6917103843304184
b'11b09Ld.wav',3.193663896727712e-08,0.9680763142400968,0.031290677994144964,3.276651456084332e-05,0.0006002093145583848
b'11b09Na.wav',0.00011237744885111087,0.0019890664004549594,0.2374969702504543,0.0017953571228270437,0.7586062287774125
b'11b09Td.wav',8.585764149564285e-11,0.7798577527401047,0.21935706514816056,2.1430380731335182e-07,0.0007849677220698525
b'11b09Wa.wav',0.2509995240141743,0.000307418736077152,4.656366848576086e-06,0.7486877801647035,6.207181964309611e-07
b'11b10Ad.wav',1.0763309613539842e-05,0.18576602720561602,0.08636908384060026,1.9989636836105146e-05,0.7278341360073342
b'11b10Ae.wav',0.0004474278894015488,0.039630912628583474,0.04735785663700321,0.00020129693232920337,0.9123625059126826
b'11b10Ld.wav',6.871278624882322e-12,0.9999092048202599,8.892432560095294e-05,1.4985641053519468e-09,1.8693487036359244e-06
b'11b10Nc.wav',4.775684096391871e-08,0.1439017889303826,0.8549783173803548,7.84553727690135e-06,0.001112000395144566
b'11b10Td.wav',4.534923931958067e-12,0.999619428089781,0.00034542925750621884,1.0617652497776547e-10,3.514254200131594e-05
b'11b10Wa.wav',0.6682410044671334,0.00036787934385086753,1.950123241839861e-05,0.33134918178708256,2.2433169514598447e-05
b'12a01Fb.wav',0.8594124317784745,0.0030401648142794465,0.029543806301375784,0.04526261105624377,0.0627409860496264
b'12a01Lb.wav',0.028768470479687492,0.01563498635243817,0.21334074648151197,0.7321547735961985,0.010101023090163771
b'12a01Nb.wav',3.3701621794353873e-06,3.401017882417454e-05,0.9941896515923284,0.005738559056818743,3.4409009849305144e-05
b'12a01Wc.wav',0.0001985623039969629,4.07695315746354e-06,1.2891616479428194e-06,0.999796071580882,3.1560919317741163e-13
b'12a02Ac.wav',0.17174247027394174,0.001169929644339779,0.02003537133846444,0.004364202595796274,0.8026880261474577
b'12a02Ec.wav',5.605184933767339e-09,0.5822926301578231,0.4176865965735854,7.199156042850699e-07,2.0047747802325945e-05
b'12a02Nb.wav',2.1475742714006016e-06,0.00010374695647667173,0.8435844673914731,0.15626506618520877,4.4571892570038765e-05
b'12a02Wa.wav',0.2136678575609691,4.872793037965734e-05,0.0002468441833850561,0.7860327865400529,3.7837852131868395e-06
b'12a02Wc.wav',6.054009495498338e-06,8.068694990115015e-08,1.9154290968748952e-06,0.9999919498636316,1.0826163634795577e-11
b'12a04Wc.wav',0.0001928197084014873,1.8034727738764714e-07,4.174657002909555e-09,0.9998069957122996,5.736457354728727e-11
b'12a05Ab.wav',0.00017631607922481132,0.00035709229698002265,0.06652385191418175,0.0028486704364967743,0.9300940692731166
b'12a05Lb.wav',2.282687446213414e-06,0.010040563023042522,0.9889613496674501,0.0007230833894209287,0.0002727212326403181
b'12a05Nd.wav',0.00014537792239348386,0.030203852953207377,0.9576728966073292,0.004501549620384402,0.00747632289668559
b'12a05Ta.wav',9.106332626688957e-07,0.7139248330844689,0.05260644792880015,1.0027879473983784e-05,0.23345778047399432
b'12a05Wb.wav',0.0031341083244805622,8.23595382759803e-07,3.128832646997117e-10,0.9968650677424354,2.4817934510355966e-11
b'12a07Ac.wav',0.004165160518009749,0.00040337804135224,0.05441385047809819,0.007524016557485,0.9334935944050549
b'12a07La.wav',0.0003661733877818178,0.07237297346103308,0.7481219789674153,0.17776909853577783,0.0013697756479920454
b'12a07Wa.wav',0.00012276175842209491,6.741811194497481e-05,0.09666307444037456,0.9031366709324303,1.0074756827922815e-05
b'12b01Ta.wav',1.2824969900857054e-08,0.9999729658137301,1.533842037789856e-05,2.562021829774417e-09,1.1680378900583958e-05
b'12b01Wa.wav',0.14771487661463154,0.0005747248600868315,8.594953126587114e-05,0.8510419952791621,0.000582453714853659
b'12b02Ad.wav',0.2545267459053389,0.0022621036646059273,0.20230681037536863,0.13028237078448657,0.4106219692702001
b'12b02Ea.wav',0.5820920757283984,0.006387873467087274,0.26696353636159886,0.0477249661598194,0.0968315482830961
b'12b02Fb.wav',0.6698328257049925,0.006408626866809285,0.029844696543322457,0.29262978027657066,0.0012840706083051565
b'12b02Na.wav',4.933564920843068e-05,0.0011575097554616697,0.9871543773698976,0.01156718894001778,7.158828541428705e-05
b'12b02Wa.wav',0.012211027481164247,1.995482500072419e-06,9.125004089400208e-09,0.9877869679091176,2.213851055733422e-12
b'12b02Wb.wav',0.007863640607872058,6.101959035544768e-07,1.763007121238578e-09,0.9921357474077618,2.5455449615243467e-11
b'12b02Wd.wav',0.1608227996542491,6.254555046330965e-05,5.315254059459694e-06,0.839109287654432,5.1886796007242285e-08
b'12b03La.wav',8.566573992058898e-05,0.0002044370513898554,0.952861908873249,0.04656217923132874,0.0002858091041118989
b'12b03Ta.wav',1.6392563550850865e-06,0.9408497525142788,0.057128553111619004,2.242713889299984e-06,0.0020178124038577713
b'12b09Ac.wav',0.12154412947912639,0.0032834796238566553,0.2666817797904547,0.017960955711150643,0.5905296553954116
b'12b09Td.wav',3.24670621460191e-09,0.9966512294060518,0.0008909953048028787,1.270931795214688e-08,0.00245775933312136
b'12b09Wc.wav',0.0008206815865380223,8.647322895264808e-07,1.8561172099014959e-06,0.9991765967454965,8.184659490186173e-10
b'12b10Ac.wav',0.061569678571824424,0.00241911147869658,0.03073205310749292,0.010083464964921022,0.895195691877065
b'12b10Ld.wav',1.2394132223557698e-07,0.004545263618150094,0.9950132112464405,0.00020645424242510713,0.00023494695166207177
b'12b10Wa.wav',0.060928871057521095,1.8682156590095547e-05,5.6911956045703975e-06,0.9390467543288346,1.2614498256831831e-09
b'13a01Ac.wav',0.009515577092406639,0.0008774678078831978,0.01954182049835755,0.0013265290382312824,0.9687386055631214
b'13a01Ea.wav',0.1507337966345585,0.01344095787095881,0.6049235995905221,0.14976308343566141,0.08113856246829912
b'13a01Ec.wav',0.26483750293992053,0.0978256666970609,0.5350322421170662,0.08783715525189388,0.01446743299405845
b'13a01Fd.wav',0.6166725385962551,0.006455495963425272,0.002894932498031157,0.014049321218188138,0.3599277117241001
b'13a01Lb.wav',7.814421748213182e-05,0.9968206307390884,0.002929969166000288,1.4294602765629895e-07,0.00017111293140155482
b'13a01Nb.wav',0.04087438544540076,0.6884781045129029,0.1617904328787693,2.0305219157591414e-05,0.10883677194376937
b'13a01Wb.wav',0.11165298558465878,3.7385813499173486e-06,9.734174475532111e-08,0.8883431781765141,3.1573256608158064e-10
b'13a02Ad.wav',0.19953068679714883,0.06708198401300991,0.28240778340597034,0.005301082424182138,0.4456784633596889
b'13a02Ec.wav',0.7694073487661213,0.00264598318964483,0.01798671980648173,0.02615517660944925,0.18380477162830297
b'13a02Fa.wav',0.7164918265908995,0.005770010620481042,0.003278505468647984,0.02399069913752392,0.2504689581824476
b'13a02Lc.wav',0.6870711921299358,0.19155226645239368,0.010642291470641694,0.10915079668661701,0.0015834532604118603
b'13a02Nc.wav',0.39081359562371865,0.04329137865500434,0.31214303178101566,0.10623364678589975,0.14751834715436163
b'13a02Ta.wav',0.018571288709970612,0.9546652252367167,0.0011121439222882817,0.0012765241670774365,0.024374817963947006
b'13a02Wa.wav',0.07186850163051331,2.900366523205652e-06,1.3825859710404838e-08,0.9281285838546868,3.2241700660906487e-10
b'13a04Ac.wav',0.06602889934745924,0.0014228015319412276,0.0316750785140665,0.0036881186780165867,0.8971851019285164
b'13a04Fc.wav',0.8646812420031067,0.0022713061090374824,0.0005090310620644169,0.12277874671277912,0.009759674113012323
b'13a04Lb.wav',0.0008566282253940206,0.049728135760214245,0.9409448517175935,0.004219296561940089,0.004251087734857942
b'13a04Ta.wav',7.131696040436178e-08,0.9973464511949979,0.002619182262868252,4.090931727072229e-07,3.388613200092635e-05
b'13a04Wc.wav',0.2721877318232325,0.0005496658063769163,0.0004149719430265737,0.7264827334744596,0.00036489695290443187
b'13a05Aa.wav',0.002143064578434263,0.02697402425212647,0.13379030535618988,0.0001621548180766903,0.8369304509951726
b'13a05Ea.wav',0.12002595465801605,0.0013683831861865605,0.01374243161756952,0.002155606327370953,0.8627076242108568
b'13a05Lc.wav',0.001970576032937564,0.8758827731116443,0.05678504054370463,4.257253542115517e-05,0.0653190377762923
b'13a05Nb.wav',4.7200364936023954e-05,0.3077425804356787,0.6887335362671556,1.1007448008262644e-05,0.003465675484221404
b'13a05Tc.wav',0.000523938865472194,0.8759524811209318,0.10355063035330653,0.00015948067171090804,0.01981346898857849
b'13a05Wa.wav',0.8636540679333267,0.0023210936145337075,0.0007728070201790428,0.11869854675380784,0.01455348467815287
b'13a05Wc.wav',0.603236407378319,0.0004771346188008753,7.137110008105746e-05,0.39598614216948574,0.0002289447333134192
b'13a07Fd.wav',0.8935945317373131,0.006072687434641987,0.00023593341068955926,0.07310293012901362,0.026993917288341763
b'13a07Lb.wav',0.7248144265118718,0.24939035107124577,0.006336996355418832,0.017638368419573006,0.0018198576418907645
b'13a07Na.wav',0.03996379749604691,0.07305455854223096,0.7325396826583862,0.11634513544370458,0.03809682585963147
b'13a07Tc.wav',0.17908492978729756,0.4098555119440718,0.013904038550118287,0.39705779883688186,9.77208816304847e-05
b'13a07Wb.wav',0.750384994564839,0.0009310134230893332,6.886917725872566e-05,0.24807441715913184,0.0005407056756812411
b'13b01Ab.wav',0.04138787863613277,0.000744008365311498,0.009216706293384941,0.0017867453879850195,0.9468646613171858
b'13b01Ec.wav',0.9427226221205715,0.0013686477505015931,0.0046486580072436084,0.051101292835414786,0.00015877928626855932
b'13b01Fc.wav',0.8702747834811486,0.006666160641788508,0.0005557128753691138,0.058610647713641446,0.0638926952880523
b'13b01Ld.wav',1.2493627876535685e-07,0.41263661195052675,0.5830771643384618,7.323316720831126e-07,0.004285366443060761
b'13b01Nc.wav',0.04787688283712198,0.05552492047540934,0.5302691905054983,0.048207321578191124,0.31812168460377943
b'13b01Wa.wav',0.07966727015812748,0.003987441042945664,0.012948622422398954,0.11319016263204601,0.7902065037444818
b'13b02Fb.wav',0.8479504433969176,0.004176239046574864,0.01390721165598329,0.11683711100084716,0.01712899489967708
b'13b02Lc.wav',0.0005166941955076673,0.2955921966246753,0.7017293713201607,0.0007967526888791081,0.0013649851707772808
b'13b02Nb.wav',0.03379973090443679,0.09438912237539619,0.5618026596527836,0.30729439443880724,0.0027140926285760245
b'13b02Wa.wav',0.04261787105523578,2.32670873163142e-05,1.0125317443269494e-06,0.95735761831892,2.310067836075776e-07
b'13b03Ac.wav',0.0932833324839816,0.0011083728499067054,0.010342066131504058,0.001961111565084846,0.8933051169695228
b'13b03Ed.wav',1.598841341108434e-05,0.5149698120829976,0.474971721923919,1.2438928478768379e-05,0.010030038651193361
b'13b03Fd.wav',0.594526001703709,0.005082862850878654,0.0035850519473268807,0.024811602619292848,0.37199448087879283
b'13b03Lb.wav',0.0004591740694617876,0.6644130838143869,0.3328064473138205,0.00020223161082600694,0.0021190631915049057
b'13b03Na.wav',0.020981614777472932,0.3447298662840454,0.3493648550039461,0.001684715213195424,0.2832389487213402
b'13b03Td.wav',9.77842701386324e-06,0.7756947980372482,0.22323236682662093,6.433338863005027e-06,0.0010566233702540416
b'13b03Wc.wav',0.3299149737441871,5.767600034035579e-05,2.7407006151758886e-06,0.6700236981915157,9.113633415999007e-07
b'13b09Ab.wav',0.08526072977177471,0.0009748969833268888,0.00979994412463185,0.0017901932629310231,0.9021742358573355
b'13b09Ec.wav',0.7816043737611597,0.0045904218082696785,0.03526807549267591,0.1775663170785167,0.000970811859378188
b'13b09Fb.wav',0.8610519924356929,0.001581028302957919,0.00034492823960897094,0.13350899257085533,0.0035130584508847526
b'13b09Fc.wav',0.10197137166188597,0.0011802279545532555,0.011354793482995668,0.0020453894005910004,0.8834482174999742
b'13b09La.wav',0.014187031232710158,0.3656433220624843,0.5873419475842322,0.028595380662541404,0.004232318458032013
b'13b09Na.wav',0.6347429618932943,0.011853716561745003,0.1884088437547952,0.040882501767313506,0.12411197602285201
b'13b09Wa.wav',0.6972511196870032,0.0007595339745630224,0.00015780905904793865,0.3009396615010925,0.0008918757782933147
b'13b10Ec.wav',0.783520424312888,0.00955781924338786,0.05081520038655065,0.10015800051204213,0.05594855554513138
b'13b10Fa.wav',0.8780402745460382,0.006118986460013813,0.0005199273865687481,0.05925765877507768,0.056063152832301795
